EU-VGOS/TEC_ARCHIVE_2019_217
     1.0            IONOSPHERE MAPS     GPS                 IONEX VERSION / TYPE
GIM V3.0            JPL - GNISD         08-aug-2019 00:59   PGM / RUN BY / DATE 
JPL'S GLOBAL IONOSPHERE MAPS YEAR 2019 DAY 217              COMMENT             
Global Ionospheric Maps (GIM) are generated on an hourly    DESCRIPTION         
and daily basis at JPL using data from up to 100 GPS sites  DESCRIPTION         
of the IGS and others institutions.                         DESCRIPTION         
The vertical TEC is modeled in a solar-geomagnetic          DESCRIPTION         
reference frame using bi-cubic splines on a spherical grid. DESCRIPTION         
A Kalman filter is used to solve simultaneously for         DESCRIPTION         
instrumental biases and VTEC on the grid (as stochastic     DESCRIPTION         
parameters).                                                DESCRIPTION         
Contact Address:  gpsiono@cobra.jpl.nasa.gov .              DESCRIPTION         
  2019     8     5     0     0     0                        EPOCH OF FIRST MAP  
  2019     8     6     0     0     0                        EPOCH OF LAST MAP   
  7200                                                      INTERVAL            
    13                                                      # OF MAPS IN FILE   
  NONE                                                      MAPPING FUNCTION    
    10.0                                                    ELEVATION CUTOFF    
One-way carrier phase leveled to code                       OBSERVABLES USED    
   170                                                      # OF STATIONS       
    31                                                      # OF SATELLITES     
  6371.0                                                    BASE RADIUS         
     2                                                      MAP DIMENSION       
   450.0 450.0   0.0                                        HGT1 / HGT2 / DHGT  
    87.5 -87.5  -2.5                                        LAT1 / LAT2 / DLAT  
  -180.0 180.0   5.0                                        LON1 / LON2 / DLON  
    -1                                                      EXPONENT            
TEC/RMS values in 0.1 TECU; 9999, if no value available     COMMENT             
                                                            END OF HEADER       
[from data line 3432]
     9                                                      START OF TEC MAP    
  2019     8     5    16     0     0                        EPOCH OF CURRENT MAP
    87.5-180.0 180.0   5.0 450.0                            LAT/LON1/LON2/DLON/H
   66   66   66   66   66   66   66   66   66   66   66   66   66   66   66   66
   66   66   66   66   66   66   66   66   66   66   66   66   66   66   66   66
   66   66   66   66   66   66   66   65   65   65   65   65   64   64   64   64
   64   63   63   63   63   63   63   63   63   63   64   64   64   64   64   65
   65   65   65   65   66   66   66   66   66
    85.0-180.0 180.0   5.0 450.0                            LAT/LON1/LON2/DLON/H
   70   69   69   69   68   68   67   67   67   67   67   67   67   67   67   68
   68   68   68   69   69   69   69   70   70   70   70   70   70   71   71   71
   70   70   70   70   70   70   69   69   69   68   68   67   67   66   66   65
   65   64   64   63   63   63   63   63   63   64   64   65   65   66   67   67
   68   68   69   69   70   70   70   70   70
    82.5-180.0 180.0   5.0 450.0                            LAT/LON1/LON2/DLON/H
   73   72   72   70   69   69   68   67   67   66   66   67   67   68   68   69
   70   70   71   72   72   73   73   74   74   74   75   75   75   75   75   75
   75   74   74   74   74   73   73   73   73   72   72   71   70   70   69   68
   67   66   65   65   64   64   64   64   64   64   65   66   67   68   70   71
   72   73   74   74   75   75   75   74   73
    80.0-180.0 180.0   5.0 450.0                            LAT/LON1/LON2/DLON/H
   76   74   73   71   70   69   68   67   66   66   66   67   68   69   70   71
   72   73   74   75   76   76   77   78   78   78   78   78   78   78   78   78
   78   77   77   77   77   76   76   76   76   75   75   74   74   73   72   71
   70   69   68   67   66   65   65   65   65   65   66   67   69   70   72   74
   75   77   78   78   79   79   78   77   76
    77.5-180.0 180.0   5.0 450.0                            LAT/LON1/LON2/DLON/H
   77   75   73   72   70   69   68   67   67   67   68   68   69   71   72   73
   74   76   77   78   79   80   80   81   81   81   82   81   81   81   80   80
   79   79   79   78   78   78   78   78   78   78   77   77   76   75   74   73
   72   71   70   69   68   67   66   66   66   66   67   68   69   71   72   74
   76   77   79   80   80   80   79   78   77
    75.0-180.0 180.0   5.0 450.0                            LAT/LON1/LON2/DLON/H
   76   75   73   71   70   69   69   69   69   69   70   70   71   72   74   75
   76   78   79   81   82   82   83   83   84   84   84   84   84   83   82   81
   80   80   79   79   78   78   78   79   79   78   78   78   77   76   75   74
   73   72   71   70   69   69   68   68   67   67   67   67   68   69   70   71
   73   74   75   77   77   78   78   77   76
    72.5-180.0 180.0   5.0 450.0                            LAT/LON1/LON2/DLON/H
   73   72   72   71   70   70   70   70   71   71   71   72   72   73   75   76
   78   80   81   83   84   84   85   85   85   86   86   86   86   85   84   83
   81   80   79   78   78   78   78   78   78   78   78   77   76   75   74   73
   72   72   71   71   70   70   70   69   68   67   67   66   65   65   65   66
   67   68   69   70   71   72   73   73   73
    70.0-180.0 180.0   5.0 450.0                            LAT/LON1/LON2/DLON/H
   69   69   69   69   69   69   70   71   72   72   72   72   73   74   75   77
   79   81   83   84   85   86   86   86   87   87   87   87   87   87   86   84
   82   80   78   77   77   76   77   77   77   76   76   75   74   73   72   71
   70   70   70   70   70   70   70   70   69   67   65   64   62   61   60   59
   59   60   61   62   64   65   67   68   69
    67.5-180.0 180.0   5.0 450.0                            LAT/LON1/LON2/DLON/H
   64   65   65   66   66   67   69   70   71   72   72   72   72   73   75   77
   80   82   84   85   86   87   87   87   87   88   88   88   89   89   88   86
   84   81   79   77   76   75   75   75   75   74   73   72   71   70   69   68
   68   67   67   68   69   69   69   69   68   66   63   61   59   57   55   53
   52   52   52   53   56   58   61   63   64
    65.0-180.0 180.0   5.0 450.0                            LAT/LON1/LON2/DLON/H
   60   61   61   62   63   65   67   69   71   71   71   71   72   73   75   78
   80   83   85   86   87   87   87   87   88   88   89   89   90   90   89   88
   86   83   80   78   76   75   75   74   74   73   72   70   69   68   67   66
   65   64   64   65   66   66   67   67   65   63   61   58   56   53   51   49
   47   46   45   46   49   52   55   58   60
    62.5-180.0 180.0   5.0 450.0                            LAT/LON1/LON2/DLON/H
   56   57   57   58   59   62   64   67   69   70   70   70   71   72   75   78
   80   83   85   87   88   88   88   88   88   88   89   90   90   91   91   90
   88   85   82   80   78   77   76   75   74   73   71   70   69   68   67   65
   64   62   61   61   62   63   63   63   62   60   58   56   53   51   49   46
   44   42   41   42   44   47   51   54   56
    60.0-180.0 180.0   5.0 450.0                            LAT/LON1/LON2/DLON/H
   52   53   54   55   57   59   63   66   68   69   69   69   70   72   74   77
   81   83   86   87   88   88   88   88   88   88   89   90   90   91   91   91
   90   88   86   83   81   80   79   78   77   75   73   72   70   69   68   66
   64   61   59   58   59   59   60   60   59   57   55   53   52   50   48   45
   42   40   38   38   41   44   47   50   52
    57.5-180.0 180.0   5.0 450.0                            LAT/LON1/LON2/DLON/H
   50   52   52   54   56   59   62   65   67   68   69   69   70   72   74   78
   81   84   86   88   88   88   88   87   88   88   89   90   90   90   90   91
   91   91   89   87   85   84   83   82   81   80   78   76   75   73   72   69
   66   62   59   57   57   57   58   58   57   56   54   52   51   49   47   45
   42   39   37   37   39   42   45   48   50
    55.0-180.0 180.0   5.0 450.0                            LAT/LON1/LON2/DLON/H
   49   51   52   54   57   60   63   65   67   68   69   70   71   72   75   78
   81   84   87   88   89   88   88   87   87   88   89   89   89   88   89   91
   93   94   93   92   91   90   89   89   88   87   85   82   81   79   77   74
   70   65   61   58   58   58   59   59   57   56   53   52   50   49   48   45
   42   39   37   36   37   40   44   47   49
    52.5-180.0 180.0   5.0 450.0                            LAT/LON1/LON2/DLON/H
   48   51   53   56   59   62   65   67   69   70   71   71   72   74   76   79
   82   85   88   89   89   88   88   87   87   88   90   90   89   88   89   92
   95   97   97   97   97   97   97   98   97   96   93   91   88   86   83   80
   75   70   65   62   61   61   62   61   60   57   55   52   51   49   48   46
   43   40   38   36   37   39   42   45   48
    50.0-180.0 180.0   5.0 450.0                            LAT/LON1/LON2/DLON/H
   47   50   54   57   61   64   67   69   71   73   74   75   76   77   79   82
   85   87   89   90   90   89   88   87   88   89   91   92   92   91   92   94
   98  100  101  102  103  105  107  108  108  106  103  100   97   94   90   86
   81   76   72   69   67   67   67   66   64   61   57   54   52   50   49   47
   45   42   39   38   37   39   41   44   47
    47.5-180.0 180.0   5.0 450.0                            LAT/LON1/LON2/DLON/H
   46   49   53   58   62   66   69   71   74   77   79   80   81   82   83   86
   88   90   92   92   91   90   89   88   89   92   95   97   98   98   99  101
  104  106  107  108  111  114  117  119  119  118  114  110  106  102   98   93
   89   84   80   77   75   74   73   72   69   66   62   58   55   53   51   50
   48   46   43   40   38   39   41   43   46
    45.0-180.0 180.0   5.0 450.0                            LAT/LON1/LON2/DLON/H
   44   47   50   55   61   65   69   73   77   81   85   87   87   88   89   92
   94   95   95   94   93   91   90   90   92   97  102  106  109  111  112  113
  114  115  115  117  121  126  130  132  132  129  125  121  116  111  106  102
   97   93   89   85   83   81   80   78   75   72   67   62   59   56   55   54
   53   50   47   44   41   40   41   42   44
    42.5-180.0 180.0   5.0 450.0                            LAT/LON1/LON2/DLON/H
   42   44   47   52   57   63   68   73   79   85   91   94   95   95   96   99
  100  101  100   98   96   94   92   93   97  103  111  119  125  128  129  129
  129  129  129  131  135  141  145  147  145  142  138  133  128  123  117  112
  107  102   98   94   91   89   86   84   82   78   74   69   64   62   60   59
   59   57   54   49   46   43   42   42   42
    40.0-180.0 180.0   5.0 450.0                            LAT/LON1/LON2/DLON/H
   42   42   43   47   53   59   65   72   80   89   96  100  102  103  104  106
  107  107  105  102   99   96   96   97  103  112  123  134  143  149  151  151
  150  150  150  150  154  159  163  164  161  156  152  147  142  136  130  125
  119  113  108  103   98   95   92   90   88   85   81   76   71   68   67   67
   66   65   62   57   52   48   45   43   42
    37.5-180.0 180.0   5.0 450.0                            LAT/LON1/LON2/DLON/H
   43   41   41   43   48   54   62   71   81   91  101  106  109  110  111  112
  113  112  110  106  102  100   99  102  110  122  137  151  162  170  174  176
  177  178  177  177  178  181  183  182  178  173  168  164  158  152  146  139
  132  124  117  110  105  100   97   95   94   92   88   83   79   75   74   74
   75   74   71   66   61   55   50   46   43
    35.0-180.0 180.0   5.0 450.0                            LAT/LON1/LON2/DLON/H
   46   42   41   41   45   51   59   69   81   93  104  112  115  116  116  117
  118  117  113  109  105  103  103  107  117  133  152  168  181  191  198  203
  208  211  210  206  204  204  205  203  198  192  188  183  177  169  162  154
  144  134  125  117  110  105  101   99   99   98   95   90   86   83   81   82
   82   82   80   75   69   63   56   51   46
    32.5-180.0 180.0   5.0 450.0                            LAT/LON1/LON2/DLON/H
   50   45   42   42   44   49   57   68   81   94  106  116  120  121  120  120
  121  119  115  111  108  106  107  113  125  145  167  185  199  211  221  230
  238  243  242  235  229  227  226  223  219  214  209  203  195  186  176  166
  154  141  130  121  113  108  104  103  103  103  101   97   92   89   88   88
   89   89   87   82   76   69   62   55   50
    30.0-180.0 180.0   5.0 450.0                            LAT/LON1/LON2/DLON/H
   53   48   45   43   44   48   56   67   80   94  108  119  124  125  123  122
  122  120  116  112  109  109  111  118  133  157  183  202  215  227  240  253
  263  270  268  260  251  246  244  243  240  236  230  222  211  199  187  173
  158  144  132  122  115  109  106  106  106  106  105  102   98   94   92   92
   94   94   92   87   80   73   66   59   53
    27.5-180.0 180.0   5.0 450.0                            LAT/LON1/LON2/DLON/H
   56   51   47   45   45   49   55   66   79   94  108  120  127  128  126  125
  124  121  117  113  111  112  115  124  141  169  197  216  228  240  254  268
  280  286  285  276  266  261  260  260  258  254  247  237  222  206  190  173
  156  141  129  121  114  109  107  107  108  108  107  105  102   98   95   95
   96   96   93   88   81   74   67   61   56
    25.0-180.0 180.0   5.0 450.0                            LAT/LON1/LON2/DLON/H
   56   52   49   47   47   50   56   66   78   92  107  120  129  131  130  128
  126  123  118  114  113  115  120  130  149  179  209  228  239  248  261  274
  284  290  289  282  274  270  270  272  271  266  258  245  227  207  187  166
  148  133  124  118  112  108  107  107  108  109  108  107  104  100   96   95
   96   96   93   86   79   72   65   60   56
    22.5-180.0 180.0   5.0 450.0                            LAT/LON1/LON2/DLON/H
   55   52   49   48   49   52   58   67   78   91  105  120  130  135  135  133
  131  127  121  117  116  119  125  136  157  189  219  237  245  252  261  270
  278  282  283  280  276  274  275  277  275  270  260  245  226  202  178  156
  136  124  117  113  108  105  105  105  107  107  108  107  104  100   95   93
   94   94   89   82   75   68   62   58   55
    20.0-180.0 180.0   5.0 450.0                            LAT/LON1/LON2/DLON/H
   53   50   48   48   51   55   61   69   79   90  104  119  131  139  141  140
  138  133  126  121  121  124  131  143  165  196  225  242  249  252  257  262
  266  270  272  273  273  274  275  275  272  265  255  240  220  194  167  143
  124  114  110  107  104  101  101  102  103  104  105  105  103   97   91   89
   90   89   84   77   70   63   59   55   53
    17.5-180.0 180.0   5.0 450.0                            LAT/LON1/LON2/DLON/H
   50   47   46   48   52   58   65   72   80   90  103  118  132  142  147  148
  145  140  133  127  126  130  137  151  173  202  229  245  250  251  251  252
  254  257  261  265  268  270  270  268  264  257  246  232  211  184  155  131
  114  105  103  101   99   97   96   96   98  100  102  102   99   93   86   83
   83   83   78   72   65   60   55   53   50
    15.0-180.0 180.0   5.0 450.0                            LAT/LON1/LON2/DLON/H
   48   45   44   47   54   61   69   76   83   91  103  118  133  145  152  155
  153  147  140  134  133  136  145  159  181  207  232  246  250  249  246  245
  246  248  253  258  263  265  263  260  254  247  238  224  203  174  145  121
  106   99   97   96   94   92   91   90   92   95   97   98   95   88   80   76
   76   76   72   67   62   57   54   51   48
    12.5-180.0 180.0   5.0 450.0                            LAT/LON1/LON2/DLON/H
   46   43   42   46   53   62   71   79   85   92  104  119  134  146  155  160
  159  155  148  142  141  145  154  168  189  213  234  247  250  249  245  244
  245  246  249  252  257  259  257  252  247  241  232  219  197  167  136  113
  100   95   92   91   89   87   85   85   86   90   93   94   90   83   74   70
   70   69   67   63   60   56   53   50   46
    10.0-180.0 180.0   5.0 450.0                            LAT/LON1/LON2/DLON/H
   45   41   40   44   52   61   71   80   86   94  106  120  134  146  157  163
  165  161  156  151  150  154  164  178  198  219  237  248  251  250  248  247
  249  249  248  249  252  254  252  249  245  240  231  216  192  160  129  107
   96   91   88   86   84   82   81   80   82   86   89   90   86   79   71   66
   65   65   63   61   58   56   53   49   45
     7.5-180.0 180.0   5.0 450.0                            LAT/LON1/LON2/DLON/H
   44   40   38   41   48   57   68   78   86   95  107  121  134  146  157  166
  169  167  163  160  159  164  174  189  206  225  240  249  252  252  252  253
  254  254  250  247  248  250  251  250  249  244  234  216  189  156  125  104
   94   88   84   81   79   78   77   77   78   82   85   86   83   76   69   65
   64   63   62   60   58   56   53   49   44
     5.0-180.0 180.0   5.0 450.0                            LAT/LON1/LON2/DLON/H
   43   38   36   38   43   51   61   73   85   96  109  122  134  146  158  168
  173  174  172  169  170  175  186  199  214  230  243  250  253  254  256  258
  259  257  250  245  245  248  251  254  254  249  237  216  187  153  123  103
   92   86   80   77   75   75   75   75   77   80   83   83   80   75   69   65
   64   64   63   61   59   56   52   48   43
     2.5-180.0 180.0   5.0 450.0                            LAT/LON1/LON2/DLON/H
   42   37   35   36   39   44   54   68   83   96  109  122  134  146  159  171
  178  180  180  179  181  187  196  208  221  234  244  250  252  255  258  260
  260  256  248  243  242  246  251  256  258  252  237  214  184  151  123  103
   92   84   77   73   72   73   73   74   76   79   81   81   78   74   70   67
   66   66   65   63   60   56   52   47   42
