EU-VGOS/TEC_ARCHIVE_2019_217
     1.0            IONOSPHERE MAPS     GPS                 IONEX VERSION / TYPE
GIM V3.0            JPL - GNISD         08-aug-2019 00:59   PGM / RUN BY / DATE 
JPL'S GLOBAL IONOSPHERE MAPS YEAR 2019 DAY 217              COMMENT             
Global Ionospheric Maps (GIM) are generated on an hourly    DESCRIPTION         
and daily basis at JPL using data from up to 100 GPS sites  DESCRIPTION         
of the IGS and others institutions.                         DESCRIPTION         
The vertical TEC is modeled in a solar-geomagnetic          DESCRIPTION         
reference frame using bi-cubic splines on a spherical grid. DESCRIPTION         
A Kalman filter is used to solve simultaneously for         DESCRIPTION         
instrumental biases and VTEC on the grid (as stochastic     DESCRIPTION         
parameters).                                                DESCRIPTION         
Contact Address:  gpsiono@cobra.jpl.nasa.gov .              DESCRIPTION         
  2019     8     5     0     0     0                        EPOCH OF FIRST MAP  
  2019     8     6     0     0     0                        EPOCH OF LAST MAP   
  7200                                                      INTERVAL            
    13                                                      # OF MAPS IN FILE   
  NONE                                                      MAPPING FUNCTION    
    10.0                                                    ELEVATION CUTOFF    
One-way carrier phase leveled to code                       OBSERVABLES USED    
   170                                                      # OF STATIONS       
    31                                                      # OF SATELLITES     
  6371.0                                                    BASE RADIUS         
     2                                                      MAP DIMENSION       
   450.0 450.0   0.0                                        HGT1 / HGT2 / DHGT  
    87.5 -87.5  -2.5                                        LAT1 / LAT2 / DLAT  
  -180.0 180.0   5.0                                        LON1 / LON2 / DLON  
    -1                                                      EXPONENT            
TEC/RMS values in 0.1 TECU; 9999, if no value available     COMMENT             
                                                            END OF HEADER       
[from data line 2145]
     6                                                      START OF TEC MAP    
  2019     8     5    10     0     0                        EPOCH OF CURRENT MAP
    87.5-180.0 180.0   5.0 450.0                            LAT/LON1/LON2/DLON/H
   70   70   70   70   70   70   69   69   69   69   69   68   68   68   68   68
   68   68   68   67   67   67   67   67   67   67   67   67   67   67   67   67
   67   67   67   67   66   66   66   66   66   66   66   66   66   66   66   66
   66   66   67   67   67   67   67   67   68   68   68   68   69   69   69   69
   70   70   70   70   70   70   70   70   70
    85.0-180.0 180.0   5.0 450.0                            LAT/LON1/LON2/DLON/H
   75   75   74   74   73   72   72   71   70   70   69   69   68   68   68   67
   67   67   67   67   67   67   67   67   67   67   67   67   67   67   67   67
   67   67   67   67   67   67   67   67   67   66   66   66   66   66   66   66
   66   66   66   66   67   67   67   68   68   69   70   70   71   72   72   73
   74   74   75   75   75   75   75   75   75
    82.5-180.0 180.0   5.0 450.0                            LAT/LON1/LON2/DLON/H
   81   80   79   78   77   75   74   72   70   69   68   67   66   66   66   66
   66   66   66   67   67   67   67   68   68   68   68   68   68   68   68   69
   69   69   69   69   69   69   69   69   69   69   69   68   68   68   67   67
   67   67   67   67   68   68   69   70   70   71   72   73   74   75   76   77
   78   79   80   81   81   82   82   82   81
    80.0-180.0 180.0   5.0 450.0                            LAT/LON1/LON2/DLON/H
   87   86   84   82   80   77   75   72   70   67   66   64   63   63   63   63
   63   64   64   65   66   67   67   68   68   68   68   69   69   69   69   69
   70   70   71   72   72   73   74   74   74   74   74   73   73   72   71   71
   70   70   70   70   71   71   72   73   74   75   76   77   78   79   80   81
   82   83   85   86   87   87   88   87   87
    77.5-180.0 180.0   5.0 450.0                            LAT/LON1/LON2/DLON/H
   91   90   88   85   82   79   75   72   68   65   62   60   59   58   58   59
   60   61   62   63   64   65   66   67   68   68   68   68   68   69   69   70
   70   71   73   74   76   78   79   80   81   81   81   81   80   79   78   77
   76   76   76   76   77   77   78   79   80   80   81   81   81   81   82   83
   84   85   86   88   89   90   91   91   91
    75.0-180.0 180.0   5.0 450.0                            LAT/LON1/LON2/DLON/H
   92   92   90   87   84   80   75   70   66   62   59   56   55   54   55   56
   57   58   60   61   62   64   65   66   67   67   68   68   68   68   69   70
   71   73   75   77   80   83   85   88   89   90   91   90   90   89   88   86
   86   85   85   85   85   86   87   87   88   88   87   86   85   84   83   82
   82   82   84   85   87   89   91   92   92
    72.5-180.0 180.0   5.0 450.0                            LAT/LON1/LON2/DLON/H
   91   91   91   88   85   80   75   69   64   59   56   53   52   52   53   54
   55   57   58   59   61   62   64   65   66   67   67   68   68   68   69   70
   72   74   77   81   84   88   92   96   98  101  102  102  101  100   99   98
   97   96   96   95   96   96   97   97   97   96   95   92   89   86   83   81
   79   78   79   80   82   84   87   89   91
    70.0-180.0 180.0   5.0 450.0                            LAT/LON1/LON2/DLON/H
   87   89   90   89   86   81   75   69   63   58   55   53   52   53   54   55
   56   56   57   59   60   61   63   64   65   67   68   69   69   69   70   71
   74   77   80   85   89   94   99  104  108  111  114  114  114  113  112  111
  109  108  107  107  107  108  108  108  107  106  103  100   96   91   86   82
   78   76   75   75   76   78   81   84   87
    67.5-180.0 180.0   5.0 450.0                            LAT/LON1/LON2/DLON/H
   84   87   89   89   87   83   77   71   64   59   56   54   55   56   57   57
   58   58   59   60   61   62   63   64   65   67   69   71   72   73   73   74
   77   80   85   90   95  101  107  113  118  123  126  128  128  127  126  124
  122  120  119  119  118  119  118  118  117  115  113  110  105  100   94   88
   83   78   75   73   73   74   76   80   84
    65.0-180.0 180.0   5.0 450.0                            LAT/LON1/LON2/DLON/H
   81   85   89   90   90   87   81   75   68   62   59   58   58   59   61   61
   61   61   62   63   63   64   64   65   66   69   72   74   76   77   78   79
   82   86   91   96  102  108  115  122  129  135  139  142  143  142  140  137
  134  132  130  129  128  128  128  127  126  125  124  122  119  114  109  102
   95   89   82   78   74   73   74   77   81
    62.5-180.0 180.0   5.0 450.0                            LAT/LON1/LON2/DLON/H
   81   85   89   92   92   91   86   80   73   67   63   62   63   64   65   65
   65   66   66   66   67   67   67   67   68   71   74   78   81   82   83   85
   88   93   99  105  111  118  125  132  140  147  153  157  158  157  155  151
  146  142  139  138  137  136  135  134  134  133  134  134  134  132  128  122
  115  107   98   90   83   78   77   78   81
    60.0-180.0 180.0   5.0 450.0                            LAT/LON1/LON2/DLON/H
   82   85   88   92   94   94   90   85   78   72   68   66   67   68   68   69
   69   69   70   70   70   70   69   69   70   72   77   81   85   87   89   92
   97  103  109  116  122  129  136  145  153  161  168  172  174  173  169  164
  157  152  147  145  143  142  141  140  140  141  143  146  149  150  149  144
  137  128  118  107   96   88   83   81   82
    57.5-180.0 180.0   5.0 450.0                            LAT/LON1/LON2/DLON/H
   83   84   87   90   93   94   92   87   81   75   71   69   69   70   71   71
   71   72   72   72   72   71   70   70   71   74   79   84   88   92   95  100
  106  113  121  128  135  142  150  159  168  177  183  188  189  188  183  176
  168  160  154  151  149  147  146  145  145  147  151  156  161  165  166  164
  158  149  138  125  111  100   91   85   83
    55.0-180.0 180.0   5.0 450.0                            LAT/LON1/LON2/DLON/H
   85   83   83   85   88   90   90   86   81   76   72   70   70   71   71   71
   72   72   72   72   71   71   70   70   71   74   79   85   91   96  101  107
  114  123  132  140  147  155  165  175  186  194  199  203  204  202  196  187
  177  167  160  156  153  151  150  148  149  151  156  162  168  174  177  177
  173  166  154  141  125  111   99   90   85
    52.5-180.0 180.0   5.0 450.0                            LAT/LON1/LON2/DLON/H
   87   81   79   79   81   83   83   81   78   74   71   70   69   70   70   70
   70   70   69   69   69   68   67   68   70   74   79   86   92   99  106  113
  122  132  142  150  158  168  180  193  203  210  214  216  216  213  206  196
  183  172  164  160  157  155  152  151  151  154  159  164  170  175  179  181
  179  174  165  152  137  121  107   95   87
    50.0-180.0 180.0   5.0 450.0                            LAT/LON1/LON2/DLON/H
   89   81   76   73   73   74   75   74   71   69   67   67   67   68   68   68
   67   66   66   65   64   64   64   65   68   73   79   86   94  102  110  119
  129  140  149  158  167  179  194  208  219  225  226  226  224  221  213  201
  188  176  168  164  161  158  155  153  154  157  161  165  169  173  176  179
  179  176  169  158  144  129  114  100   89
    47.5-180.0 180.0   5.0 450.0                            LAT/LON1/LON2/DLON/H
   94   83   75   70   67   67   67   67   65   63   62   63   64   65   65   64
   63   62   61   60   60   60   61   63   68   73   80   88   96  105  115  125
  135  145  155  164  174  188  205  220  231  235  234  231  228  224  216  204
  190  179  172  169  166  162  159  157  158  160  163  165  167  169  171  174
  175  174  169  161  149  135  120  106   94
    45.0-180.0 180.0   5.0 450.0                            LAT/LON1/LON2/DLON/H
  100   88   78   70   65   63   62   61   60   58   58   59   61   61   61   61
   59   58   56   55   55   56   59   62   68   75   83   91  100  110  121  131
  141  150  159  168  179  194  212  227  236  238  235  232  229  225  217  206
  193  183  177  174  172  168  165  163  163  165  167  167  166  167  168  169
  170  170  168  162  153  140  126  113  100
    42.5-180.0 180.0   5.0 450.0                            LAT/LON1/LON2/DLON/H
  106   94   83   73   67   64   61   60   58   56   56   58   59   59   59   58
   56   54   52   52   53   55   58   63   70   79   87   96  106  116  127  137
  146  155  163  172  183  199  216  229  236  235  232  228  226  224  218  208
  197  188  184  182  180  177  174  171  172  172  172  171  169  168  168  167
  167  167  166  162  154  144  132  119  106
    40.0-180.0 180.0   5.0 450.0                            LAT/LON1/LON2/DLON/H
  113  100   89   79   72   67   65   63   60   59   59   59   60   59   57   56
   54   51   50   50   51   54   59   66   74   83   93  103  112  123  133  142
  151  158  166  175  186  201  216  227  231  229  226  223  223  223  220  212
  204  197  193  192  191  188  185  183  182  182  180  178  175  173  171  169
  167  165  164  161  155  146  136  124  113
    37.5-180.0 180.0   5.0 450.0                            LAT/LON1/LON2/DLON/H
  117  105   94   84   77   73   70   68   66   65   65   66   64   61   58   56
   53   50   49   49   51   55   61   68   78   88   98  108  118  128  138  147
  155  162  169  177  189  203  216  222  224  221  219  218  220  223  223  219
  213  208  205  205  204  202  200  197  195  193  190  186  183  180  176  171
  167  164  162  159  154  147  138  128  117
    35.0-180.0 180.0   5.0 450.0                            LAT/LON1/LON2/DLON/H
  119  108   96   87   81   77   76   75   74   74   75   75   72   67   62   58
   55   52   50   50   52   56   62   70   80   91  103  113  123  133  142  150
  158  165  171  180  191  204  214  217  216  214  213  215  219  225  228  227
  224  221  220  220  220  219  216  214  210  206  200  195  190  186  181  174
  168  164  161  158  153  147  139  130  119
    32.5-180.0 180.0   5.0 450.0                            LAT/LON1/LON2/DLON/H
  120  108   96   87   82   80   79   79   80   82   84   84   80   73   67   63
   59   56   54   52   53   56   61   70   81   93  105  116  126  136  144  153
  160  167  174  182  192  203  210  212  211  210  210  213  220  227  232  235
  235  236  237  238  238  237  235  231  226  219  211  204  198  192  184  176
  169  164  160  156  151  146  139  130  120
    30.0-180.0 180.0   5.0 450.0                            LAT/LON1/LON2/DLON/H
  120  107   95   86   82   80   80   81   83   86   90   92   88   80   73   68
   65   62   58   55   54   55   60   68   79   92  105  117  127  137  145  153
  161  169  175  182  191  200  205  206  206  207  209  213  220  229  236  241
  246  250  255  258  259  257  254  249  242  233  222  212  203  195  186  177
  170  165  159  154  149  145  139  130  120
    27.5-180.0 180.0   5.0 450.0                            LAT/LON1/LON2/DLON/H
  118  105   93   84   80   78   78   79   81   86   91   94   91   84   77   74
   71   67   63   58   54   53   57   64   76   90  103  116  127  137  145  154
  162  170  176  182  189  195  199  201  202  205  208  212  219  229  238  246
  254  263  273  278  278  275  271  264  255  244  232  219  208  197  186  177
  171  165  158  152  147  144  138  130  118
    25.0-180.0 180.0   5.0 450.0                            LAT/LON1/LON2/DLON/H
  118  104   91   83   78   76   76   76   77   80   86   91   89   84   79   77
   75   72   67   61   55   52   54   61   73   87  101  115  126  136  144  153
  162  170  176  181  186  190  193  196  200  204  207  211  218  227  238  248
  259  273  286  292  292  288  281  273  263  251  238  224  211  198  186  176
  170  164  157  150  146  143  138  129  118
    22.5-180.0 180.0   5.0 450.0                            LAT/LON1/LON2/DLON/H
  117  103   91   83   79   76   74   73   72   74   79   83   83   80   77   77
   76   74   69   62   54   50   51   58   70   85   99  113  125  134  143  152
  161  170  176  180  183  186  189  193  199  204  207  209  215  225  236  247
  260  276  291  298  296  290  281  272  262  251  239  226  212  198  185  175
  169  163  154  146  143  142  137  129  117
    20.0-180.0 180.0   5.0 450.0                            LAT/LON1/LON2/DLON/H
  115  103   92   85   81   78   75   71   68   67   71   75   76   75   74   75
   75   73   68   61   54   49   50   56   68   83   98  112  123  132  141  150
  160  169  175  179  181  184  188  194  200  205  206  207  212  221  233  245
  257  272  286  291  287  279  269  260  251  244  235  225  213  198  184  173
  166  159  150  142  139  139  135  127  115
    17.5-180.0 180.0   5.0 450.0                            LAT/LON1/LON2/DLON/H
  113  102   93   87   84   81   78   73   67   64   65   68   70   70   70   72
   73   71   66   60   53   49   50   56   68   83   97  110  121  130  138  148
  157  167  174  178  181  185  190  197  203  207  207  206  210  219  230  241
  251  261  269  270  265  258  249  240  235  232  228  222  212  198  183  171
  162  153  143  136  134  134  131  123  113
    15.0-180.0 180.0   5.0 450.0                            LAT/LON1/LON2/DLON/H
  108   99   92   89   87   85   82   77   70   66   65   66   67   68   68   69
   70   68   64   58   53   49   50   56   68   83   96  108  118  126  135  144
  154  164  172  178  182  187  194  201  207  209  208  207  210  219  229  236
  242  246  247  244  238  232  225  219  218  220  222  219  211  198  182  168
  156  146  136  129  127  127  124  117  108
    12.5-180.0 180.0   5.0 450.0                            LAT/LON1/LON2/DLON/H
  103   95   90   88   89   89   87   82   75   70   68   68   69   69   68   68
   68   66   62   58   53   50   51   57   68   82   95  106  115  123  131  140
  150  160  170  177  182  189  197  205  209  210  209  209  213  221  228  233
  234  232  226  219  213  209  205  203  207  213  218  217  210  197  181  164
  150  138  128  122  121  120  117  111  103
    10.0-180.0 180.0   5.0 450.0                            LAT/LON1/LON2/DLON/H
   96   90   86   86   88   90   89   86   80   75   73   73   73   72   70   69
   68   66   62   59   55   52   51   57   67   81   93  103  111  119  127  136
  145  156  166  174  181  189  197  205  210  211  211  212  217  224  229  231
  230  223  213  203  197  195  195  198  206  215  220  217  209  196  179  160
  143  130  122  117  115  114  110  104   96
     7.5-180.0 180.0   5.0 450.0                            LAT/LON1/LON2/DLON/H
   91   84   81   82   85   88   89   87   83   79   77   77   77   76   74   71
   69   67   64   61   57   53   52   56   66   78   90  100  107  114  122  131
  140  151  161  170  177  185  193  201  207  209  211  214  220  226  231  233
  232  225  214  203  196  194  197  204  215  224  226  220  207  192  175  156
  138  125  117  114  113  111  107   99   91
     5.0-180.0 180.0   5.0 450.0                            LAT/LON1/LON2/DLON/H
   88   81   77   77   81   85   87   86   82   79   78   79   79   79   77   73
   71   69   67   64   60   55   52   55   63   75   87   96  103  110  118  127
  136  145  155  164  171  177  185  194  201  204  208  213  219  226  232  238
  240  237  227  215  207  204  209  219  230  238  235  222  204  187  170  151
  132  120  115  114  115  113  107   98   88
     2.5-180.0 180.0   5.0 450.0                            LAT/LON1/LON2/DLON/H
   89   80   75   75   78   82   84   83   79   76   75   76   78   79   78   75
   72   70   69   67   62   55   51   53   60   72   83   92   99  107  115  123
  131  140  148  156  161  167  174  184  192  197  201  207  213  221  232  243
  252  253  246  234  224  220  226  237  248  251  242  221  199  181  164  145
  128  117  114  116  120  119  112  101   89
