EU-VGOS/TEC_ARCHIVE_2019_217
     1.0            IONOSPHERE MAPS     GPS                 IONEX VERSION / TYPE
GIM V3.0            JPL - GNISD         08-aug-2019 00:59   PGM / RUN BY / DATE 
JPL'S GLOBAL IONOSPHERE MAPS YEAR 2019 DAY 217              COMMENT             
Global Ionospheric Maps (GIM) are generated on an hourly    DESCRIPTION         
and daily basis at JPL using data from up to 100 GPS sites  DESCRIPTION         
of the IGS and others institutions.                         DESCRIPTION         
The vertical TEC is modeled in a solar-geomagnetic          DESCRIPTION         
reference frame using bi-cubic splines on a spherical grid. DESCRIPTION         
A Kalman filter is used to solve simultaneously for         DESCRIPTION         
instrumental biases and VTEC on the grid (as stochastic     DESCRIPTION         
parameters).                                                DESCRIPTION         
Contact Address:  gpsiono@cobra.jpl.nasa.gov .              DESCRIPTION         
  2019     8     5     0     0     0                        EPOCH OF FIRST MAP  
  2019     8     6     0     0     0                        EPOCH OF LAST MAP   
  7200                                                      INTERVAL            
    13                                                      # OF MAPS IN FILE   
  NONE                                                      MAPPING FUNCTION    
    10.0                                                    ELEVATION CUTOFF    
One-way carrier phase leveled to code                       OBSERVABLES USED    
   170                                                      # OF STATIONS       
    31                                                      # OF SATELLITES     
  6371.0                                                    BASE RADIUS         
     2                                                      MAP DIMENSION       
   450.0 450.0   0.0                                        HGT1 / HGT2 / DHGT  
    87.5 -87.5  -2.5                                        LAT1 / LAT2 / DLAT  
  -180.0 180.0   5.0                                        LON1 / LON2 / DLON  
    -1                                                      EXPONENT            
TEC/RMS values in 0.1 TECU; 9999, if no value available     COMMENT             
                                                            END OF HEADER       
[from data line 858]
     3                                                      START OF TEC MAP    
  2019     8     5     4     0     0                        EPOCH OF CURRENT MAP
    87.5-180.0 180.0   5.0 450.0                            LAT/LON1/LON2/DLON/H
   89   89   89   88   88   88   88   88   88   87   87   87   86   86   86   85
   85   85   84   84   84   83   83   83   83   83   82   82   82   82   83   83
   83   83   83   83   83   84   84   84   84   85   85   85   85   86   86   86
   86   87   87   87   87   87   87   87   88   88   88   88   88   88   88   88
   88   88   88   88   89   89   89   89   89
    85.0-180.0 180.0   5.0 450.0                            LAT/LON1/LON2/DLON/H
   91   91   91   91   91   91   91   91   90   90   89   89   88   87   86   85
   84   83   83   82   81   80   80   79   79   78   78   78   78   79   79   79
   80   80   81   81   82   82   83   83   84   85   85   86   86   86   87   87
   87   88   88   88   88   88   88   88   88   88   88   88   89   89   89   89
   89   89   89   90   90   90   90   91   91
    82.5-180.0 180.0   5.0 450.0                            LAT/LON1/LON2/DLON/H
   92   92   93   93   93   94   94   93   93   93   92   91   90   89   87   86
   84   83   81   79   78   77   76   75   75   74   74   74   75   75   76   77
   77   78   79   80   81   82   82   83   84   85   86   86   87   87   88   88
   89   89   89   89   89   89   89   89   89   88   88   88   88   88   88   88
   88   89   89   89   90   90   91   91   92
    80.0-180.0 180.0   5.0 450.0                            LAT/LON1/LON2/DLON/H
   92   92   93   93   94   94   95   95   95   95   94   93   92   90   88   86
   84   82   79   77   75   74   72   71   71   71   71   71   72   73   74   75
   76   77   78   79   80   81   82   83   84   85   86   87   88   88   89   89
   90   90   90   90   90   89   89   89   88   87   87   86   86   86   86   86
   86   87   87   88   89   90   90   91   92
    77.5-180.0 180.0   5.0 450.0                            LAT/LON1/LON2/DLON/H
   90   90   91   92   92   93   94   94   95   95   95   94   93   92   89   87
   84   81   78   76   73   71   69   68   68   68   68   69   70   71   72   73
   74   76   77   78   79   80   82   83   84   85   86   87   88   88   89   89
   90   90   90   90   90   89   89   88   87   86   85   84   83   83   83   83
   84   84   85   86   87   88   89   89   90
    75.0-180.0 180.0   5.0 450.0                            LAT/LON1/LON2/DLON/H
   87   88   88   89   89   90   91   92   93   93   94   94   93   92   90   87
   84   81   77   74   71   69   67   66   65   66   66   67   68   69   70   71
   72   73   74   76   77   79   80   81   83   84   85   86   87   88   88   89
   89   89   89   89   89   88   87   86   85   84   82   81   80   79   79   80
   81   82   83   84   85   86   87   87   87
    72.5-180.0 180.0   5.0 450.0                            LAT/LON1/LON2/DLON/H
   85   85   85   85   86   86   87   88   89   90   91   91   91   90   88   86
   82   79   76   72   69   67   65   64   63   64   64   65   65   66   66   67
   67   68   70   72   73   75   77   79   81   82   83   84   85   86   86   87
   87   87   88   88   88   87   86   85   83   82   80   78   77   76   76   77
   79   80   82   83   84   85   85   85   85
    70.0-180.0 180.0   5.0 450.0                            LAT/LON1/LON2/DLON/H
   84   83   83   82   82   83   83   84   86   87   87   87   87   86   84   82
   79   76   73   70   67   65   63   62   61   61   62   62   62   61   61   61
   61   62   63   66   68   71   73   75   77   79   80   82   82   83   84   84
   85   85   86   86   86   86   85   84   82   80   78   77   76   75   75   76
   78   80   81   83   84   84   84   84   84
    67.5-180.0 180.0   5.0 450.0                            LAT/LON1/LON2/DLON/H
   83   82   82   81   80   80   81   82   83   83   83   83   82   81   79   77
   75   72   70   67   65   62   61   60   59   59   58   58   57   56   55   54
   54   54   56   59   62   65   68   71   74   76   77   79   80   80   81   82
   82   83   84   85   85   85   85   84   83   81   79   78   77   76   77   78
   79   81   82   83   84   84   84   84   83
    65.0-180.0 180.0   5.0 450.0                            LAT/LON1/LON2/DLON/H
   84   83   82   81   80   80   81   81   81   81   80   79   77   75   73   71
   69   67   65   63   61   59   58   57   56   55   54   53   52   50   48   47
   46   47   49   52   56   60   64   67   70   72   74   76   77   78   79   80
   81   82   83   84   85   86   86   85   84   83   82   81   81   81   82   82
   83   84   85   85   85   85   85   84   84
    62.5-180.0 180.0   5.0 450.0                            LAT/LON1/LON2/DLON/H
   85   84   83   82   82   82   82   82   82   81   79   77   74   71   69   66
   64   63   61   59   57   55   54   53   52   51   50   49   47   44   42   41
   40   41   43   47   51   56   60   64   67   70   73   75   76   77   78   79
   80   82   83   85   87   88   88   88   87   87   87   87   87   88   88   89
   89   89   89   88   87   86   86   86   85
    60.0-180.0 180.0   5.0 450.0                            LAT/LON1/LON2/DLON/H
   88   88   87   86   85   85   86   86   85   83   81   77   73   70   67   64
   61   58   56   55   53   52   51   50   49   48   46   44   42   40   38   36
   36   37   39   43   48   53   57   62   66   70   73   75   77   78   79   80
   81   83   85   87   89   90   91   91   91   92   92   93   95   95   96   96
   95   94   93   91   89   88   88   88   88
    57.5-180.0 180.0   5.0 450.0                            LAT/LON1/LON2/DLON/H
   92   92   92   91   90   90   90   90   89   87   84   80   76   72   68   64
   59   56   53   51   50   48   48   47   46   45   43   41   39   37   35   34
   34   35   38   42   46   51   56   61   66   71   75   78   80   81   82   83
   84   85   88   90   93   94   95   95   96   97   98  100  101  102  102  102
  101   99   96   94   92   91   91   92   92
    55.0-180.0 180.0   5.0 450.0                            LAT/LON1/LON2/DLON/H
   97   97   97   97   96   95   94   93   92   91   88   84   81   76   71   66
   60   55   51   49   47   46   46   45   45   43   42   40   38   36   35   34
   34   35   37   41   46   51   56   62   68   74   79   83   85   86   86   87
   88   90   92   95   98   99  100  100  101  102  103  105  106  106  106  105
  104  102  100   97   95   94   94   96   97
    52.5-180.0 180.0   5.0 450.0                            LAT/LON1/LON2/DLON/H
  102  103  104  103  102  100   98   96   95   94   92   90   87   82   77   70
   62   55   50   47   46   45   45   45   44   43   42   40   39   37   36   35
   35   37   39   42   46   51   57   63   71   78   84   88   90   91   91   91
   93   95   98  102  104  105  106  106  107  107  108  108  108  108  107  107
  106  105  103  100   98   98   98  100  102
    50.0-180.0 180.0   5.0 450.0                            LAT/LON1/LON2/DLON/H
  107  109  110  110  108  104  101   99   97   96   96   96   94   89   82   74
   65   57   51   47   46   45   45   45   45   44   43   41   40   39   38   38
   38   40   42   44   47   52   57   65   73   82   89   93   95   95   96   97
   99  102  106  109  111  112  111  112  112  112  111  110  109  107  107  107
  107  106  106  104  102  102  102  104  107
    47.5-180.0 180.0   5.0 450.0                            LAT/LON1/LON2/DLON/H
  111  114  117  117  114  109  105  101   99   99  100  101  100   95   87   77
   67   59   52   49   47   46   47   47   47   46   45   43   42   41   41   41
   42   44   45   47   49   53   58   66   75   85   92   97   99   99  100  102
  105  109  113  117  118  118  117  117  116  116  114  111  109  107  106  106
  107  108  108  108  107  106  106  108  111
    45.0-180.0 180.0   5.0 450.0                            LAT/LON1/LON2/DLON/H
  116  120  123  124  120  115  109  104  101  101  104  107  106  101   91   80
   70   61   55   51   49   49   49   49   49   49   47   46   45   44   44   45
   47   48   49   49   50   53   59   67   76   86   95   99  102  103  105  107
  111  116  120  124  125  125  123  121  120  118  115  112  109  107  106  107
  108  110  111  112  111  111  111  113  116
    42.5-180.0 180.0   5.0 450.0                            LAT/LON1/LON2/DLON/H
  121  125  130  131  128  122  114  108  105  106  110  114  113  106   94   83
   72   64   58   55   53   52   53   53   53   52   51   49   48   47   47   48
   51   52   52   51   51   53   59   67   77   87   96  101  104  106  109  112
  117  122  127  130  132  130  127  124  122  119  116  113  110  109  109  109
  110  112  114  116  116  116  116  117  121
    40.0-180.0 180.0   5.0 450.0                            LAT/LON1/LON2/DLON/H
  127  132  137  140  137  130  122  115  111  112  117  122  120  111   98   86
   76   68   62   59   57   56   56   57   56   55   54   53   51   50   50   51
   54   55   55   53   51   53   58   66   77   87   96  103  106  110  113  118
  122  127  132  135  136  135  131  127  124  120  117  114  113  112  112  113
  114  115  117  120  121  122  122  124  127
    37.5-180.0 180.0   5.0 450.0                            LAT/LON1/LON2/DLON/H
  135  141  147  149  147  140  131  123  119  121  127  130  127  116  102   90
   79   72   66   63   61   61   60   60   60   59   57   56   54   52   52   53
   55   57   56   53   50   51   56   65   76   87   97  104  109  114  118  123
  127  131  135  139  140  139  135  131  126  122  119  117  116  116  117  118
  118  119  121  124  127  129  130  132  135
    35.0-180.0 180.0   5.0 450.0                            LAT/LON1/LON2/DLON/H
  146  152  158  161  158  151  142  134  130  131  137  140  135  123  108   95
   84   76   70   67   65   64   64   64   63   61   60   58   55   53   53   54
   56   57   55   52   49   49   54   63   75   86   96  105  112  118  123  127
  130  133  137  141  143  142  139  136  131  126  122  120  120  120  122  122
  123  124  126  130  134  137  140  142  146
    32.5-180.0 180.0   5.0 450.0                            LAT/LON1/LON2/DLON/H
  159  164  170  174  172  165  155  147  142  143  147  149  143  131  115  101
   89   80   73   69   67   67   67   66   65   63   61   59   56   54   53   54
   55   56   54   50   47   48   53   62   73   85   96  106  114  121  126  130
  132  134  137  141  144  145  145  143  139  133  128  125  124  124  125  127
  128  130  134  139  144  148  151  154  159
    30.0-180.0 180.0   5.0 450.0                            LAT/LON1/LON2/DLON/H
  173  178  184  188  186  179  170  161  155  155  157  157  151  138  122  108
   95   84   76   71   68   68   68   68   66   64   61   59   56   53   52   53
   54   54   52   48   46   46   51   60   71   83   95  106  115  123  128  131
  132  133  136  140  144  147  151  152  150  143  136  131  128  127  128  131
  134  139  144  150  155  160  164  168  173
    27.5-180.0 180.0   5.0 450.0                            LAT/LON1/LON2/DLON/H
  188  193  199  202  201  194  186  177  170  167  166  163  156  143  128  113
   99   87   77   71   68   68   68   68   66   63   61   58   55   52   51   52
   53   52   50   47   44   45   49   58   68   80   93  104  114  122  126  128
  129  130  133  138  144  150  157  162  161  154  145  138  133  130  131  135
  142  149  156  164  169  173  178  182  188
    25.0-180.0 180.0   5.0 450.0                            LAT/LON1/LON2/DLON/H
  203  209  215  217  216  210  201  192  183  177  172  166  158  146  132  117
  102   89   78   71   68   67   68   68   66   62   59   57   54   51   50   50
   51   51   48   45   43   44   48   55   65   77   89  101  111  117  121  123
  124  126  130  136  143  152  163  171  171  163  153  145  138  135  135  141
  150  160  170  178  184  187  192  197  203
    22.5-180.0 180.0   5.0 450.0                            LAT/LON1/LON2/DLON/H
  218  225  230  232  230  223  215  205  195  185  176  167  158  146  132  118
  103   90   78   71   67   67   67   67   65   61   58   55   52   50   49   49
   50   49   47   44   42   42   46   52   61   72   84   96  105  111  114  117
  119  123  128  136  145  155  168  178  178  170  159  150  145  141  142  149
  160  172  183  192  197  200  205  211  218
    20.0-180.0 180.0   5.0 450.0                            LAT/LON1/LON2/DLON/H
  231  239  244  246  243  235  226  215  204  191  177  166  155  144  131  117
  103   90   79   71   66   66   67   66   64   60   56   53   51   49   48   48
   49   48   45   42   41   41   44   49   56   66   78   90   99  104  107  111
  115  121  128  137  148  160  173  181  180  172  162  155  152  151  153  160
  171  183  195  203  208  210  215  222  231
    17.5-180.0 180.0   5.0 450.0                            LAT/LON1/LON2/DLON/H
  240  249  255  257  253  244  233  222  210  194  177  163  152  140  128  115
  102   91   79   71   66   65   65   65   62   58   55   52   50   48   47   47
   47   46   44   41   40   40   41   45   52   61   72   84   93   99  102  106
  113  121  131  142  153  166  177  183  181  172  163  160  159  161  165  172
  182  193  203  210  214  216  221  230  240
    15.0-180.0 180.0   5.0 450.0                            LAT/LON1/LON2/DLON/H
  243  254  262  264  260  250  238  225  212  194  176  160  148  136  124  112
  101   91   80   72   66   65   64   63   61   57   53   50   48   47   46   46
   45   44   42   40   39   38   39   42   48   56   68   79   89   95   99  105
  113  123  135  147  160  172  181  184  180  172  165  164  167  172  177  184
  192  200  208  214  216  218  222  231  243
    12.5-180.0 180.0   5.0 450.0                            LAT/LON1/LON2/DLON/H
  240  253  263  266  263  253  241  227  212  194  174  157  144  132  120  110
  101   92   82   73   67   65   63   62   59   55   51   48   47   46   45   44
   43   42   41   39   38   38   38   40   45   53   65   77   86   93   98  105
  115  126  139  152  166  178  185  187  182  175  169  170  174  180  187  194
  200  206  211  215  215  215  219  228  240
    10.0-180.0 180.0   5.0 450.0                            LAT/LON1/LON2/DLON/H
  234  248  259  263  262  254  242  227  210  192  172  154  140  127  117  109
  101   93   84   75   69   65   62   60   56   53   49   47   45   44   44   43
   41   40   40   39   38   38   38   40   45   53   64   75   85   92   98  106
  117  128  142  156  171  183  190  191  188  182  178  177  179  185  192  199
  205  209  213  214  213  211  214  222  234
     7.5-180.0 180.0   5.0 450.0                            LAT/LON1/LON2/DLON/H
  227  241  252  257  258  253  243  227  209  189  168  150  135  123  114  108
  102   95   87   78   71   66   62   58   54   50   47   46   44   43   42   41
   40   39   39   39   39   40   40   42   46   54   64   74   84   91   98  107
  117  129  143  158  173  185  194  198  198  194  189  184  183  185  192  199
  206  211  214  213  210  207  209  216  227
     5.0-180.0 180.0   5.0 450.0                            LAT/LON1/LON2/DLON/H
  222  235  245  250  253  252  243  227  207  185  163  145  130  119  112  107
  103   97   89   81   74   67   61   56   51   48   46   44   43   43   42   40
   39   38   39   40   41   43   43   45   48   55   64   74   83   90   97  106
  116  128  142  157  172  185  196  204  207  206  200  191  183  182  187  195
  204  211  214  213  207  203  205  211  222
     2.5-180.0 180.0   5.0 450.0                            LAT/LON1/LON2/DLON/H
  221  232  240  244  248  250  244  228  205  180  157  138  124  114  109  106
  103   98   92   84   76   68   61   54   49   46   45   44   43   42   42   41
   39   39   40   42   44   46   47   47   50   55   63   71   80   88   95  103
  112  124  138  153  168  182  196  207  214  215  208  193  180  175  179  188
  199  208  212  210  204  201  203  210  221
