EU-VGOS/TEC_ARCHIVE_2019_217
     1.0            IONOSPHERE MAPS     GPS                 IONEX VERSION / TYPE
GIM V3.0            JPL - GNISD         08-aug-2019 00:59   PGM / RUN BY / DATE 
JPL'S GLOBAL IONOSPHERE MAPS YEAR 2019 DAY 217              COMMENT             
Global Ionospheric Maps (GIM) are generated on an hourly    DESCRIPTION         
and daily basis at JPL using data from up to 100 GPS sites  DESCRIPTION         
of the IGS and others institutions.                         DESCRIPTION         
The vertical TEC is modeled in a solar-geomagnetic          DESCRIPTION         
reference frame using bi-cubic splines on a spherical grid. DESCRIPTION         
A Kalman filter is used to solve simultaneously for         DESCRIPTION         
instrumental biases and VTEC on the grid (as stochastic     DESCRIPTION         
parameters).                                                DESCRIPTION         
Contact Address:  gpsiono@cobra.jpl.nasa.gov .              DESCRIPTION         
  2019     8     5     0     0     0                        EPOCH OF FIRST MAP  
  2019     8     6     0     0     0                        EPOCH OF LAST MAP   
  7200                                                      INTERVAL            
    13                                                      # OF MAPS IN FILE   
  NONE                                                      MAPPING FUNCTION    
    10.0                                                    ELEVATION CUTOFF    
One-way carrier phase leveled to code                       OBSERVABLES USED    
   170                                                      # OF STATIONS       
    31                                                      # OF SATELLITES     
  6371.0                                                    BASE RADIUS         
     2                                                      MAP DIMENSION       
   450.0 450.0   0.0                                        HGT1 / HGT2 / DHGT  
    87.5 -87.5  -2.5                                        LAT1 / LAT2 / DLAT  
  -180.0 180.0   5.0                                        LON1 / LON2 / DLON  
    -1                                                      EXPONENT            
TEC/RMS values in 0.1 TECU; 9999, if no value available     COMMENT             
                                                            END OF HEADER       
[from data line 1287]
     4                                                      START OF TEC MAP    
  2019     8     5     6     0     0                        EPOCH OF CURRENT MAP
    87.5-180.0 180.0   5.0 450.0                            LAT/LON1/LON2/DLON/H
   97   97   96   96   96   96   96   95   95   95   94   94   93   93   92   92
   91   91   90   90   89   89   89   88   88   88   87   87   87   87   87   87
   87   87   87   87   87   87   87   87   88   88   88   88   89   89   89   90
   90   91   91   91   92   92   92   93   93   94   94   94   95   95   95   95
   96   96   96   96   96   97   97   97   97
    85.0-180.0 180.0   5.0 450.0                            LAT/LON1/LON2/DLON/H
  102  102  102  101  101  101  100  100   99   98   97   96   95   94   93   92
   91   90   89   88   87   86   86   85   84   84   83   83   83   83   82   82
   82   83   83   83   83   84   84   84   85   85   86   86   87   88   88   89
   90   90   91   92   92   93   93   94   95   95   96   97   97   98   98   99
  100  100  101  101  101  102  102  102  102
    82.5-180.0 180.0   5.0 450.0                            LAT/LON1/LON2/DLON/H
  106  106  106  105  105  104  103  103  102  101  100   98   97   95   94   92
   91   89   88   86   85   84   82   82   81   80   80   79   79   79   79   79
   80   80   80   80   81   81   82   82   83   83   84   85   86   87   87   88
   89   90   91   92   93   93   94   95   96   97   98   98   99  100  101  102
  103  103  104  105  105  105  106  106  106
    80.0-180.0 180.0   5.0 450.0                            LAT/LON1/LON2/DLON/H
  108  108  107  106  106  105  104  103  102  101  100   99   97   95   94   92
   90   88   86   84   82   81   79   78   78   77   77   77   77   77   78   78
   78   78   79   79   80   80   80   81   82   82   83   84   85   86   87   88
   89   90   91   92   93   94   95   95   96   97   98   99  100  101  102  104
  104  105  106  107  107  108  108  108  108
    77.5-180.0 180.0   5.0 450.0                            LAT/LON1/LON2/DLON/H
  107  107  106  105  104  103  102  101  100   99   98   97   96   94   92   90
   88   86   84   81   79   78   76   76   75   75   75   75   76   76   77   77
   78   79   79   79   80   80   80   81   81   82   83   84   85   86   87   88
   89   90   91   92   92   93   94   95   96   97   98   99  101  102  103  104
  105  106  107  107  108  108  108  108  107
    75.0-180.0 180.0   5.0 450.0                            LAT/LON1/LON2/DLON/H
  105  104  103  102  101   99   97   96   95   94   94   93   93   92   90   88
   86   84   81   79   77   75   74   73   73   73   74   74   75   76   76   77
   78   79   80   80   80   81   81   82   82   83   84   85   86   87   88   89
   90   90   91   91   92   92   93   94   95   96   97   99  100  101  102  103
  104  105  105  105  106  106  106  106  105
    72.5-180.0 180.0   5.0 450.0                            LAT/LON1/LON2/DLON/H
  102  102  101   99   97   94   92   90   89   88   88   88   88   88   88   87
   85   82   79   77   75   73   72   71   72   72   73   74   75   76   76   77
   78   79   80   81   81   82   82   83   83   84   85   86   88   89   90   91
   91   91   91   91   91   91   92   93   94   95   96   98   99  100  101  102
  102  102  102  102  102  102  102  102  102
    70.0-180.0 180.0   5.0 450.0                            LAT/LON1/LON2/DLON/H
  101  101  100   98   95   91   88   85   83   82   82   83   84   85   86   85
   83   81   78   76   74   72   71   71   71   72   74   75   76   76   76   76
   77   78   79   80   81   82   83   84   84   85   87   88   90   92   93   93
   93   93   92   91   91   91   91   92   93   95   96   97   98   99  100  100
  100  100   99   99   98   99   99  100  101
    67.5-180.0 180.0   5.0 450.0                            LAT/LON1/LON2/DLON/H
  101  102  101   99   95   90   85   81   78   77   77   78   80   82   84   84
   83   81   78   76   74   73   72   71   71   73   74   76   77   77   77   76
   76   77   78   80   81   82   84   85   86   87   89   91   93   95   96   96
   96   95   94   92   92   91   92   93   94   95   96   97   98   99   99   99
   99   98   97   96   95   96   97   99  101
    65.0-180.0 180.0   5.0 450.0                            LAT/LON1/LON2/DLON/H
  102  104  104  101   97   91   85   80   76   74   74   75   77   80   82   83
   83   81   80   78   76   75   74   73   73   74   76   77   78   78   77   76
   75   76   77   79   81   82   84   85   86   88   90   93   96   98   99  100
   99   98   96   94   93   93   93   94   96   97   98   98   99   99   99   99
   99   97   96   95   94   95   97  100  102
    62.5-180.0 180.0   5.0 450.0                            LAT/LON1/LON2/DLON/H
  105  107  107  105  100   94   87   81   76   73   72   73   75   78   80   82
   82   82   81   80   79   78   76   75   74   75   76   78   79   78   77   75
   75   75   77   78   80   82   84   85   87   90   93   96   99  101  103  103
  102  101   99   97   96   96   96   98   99  100  100  100  100  101  101  101
  100   99   98   96   96   96   98  101  105
    60.0-180.0 180.0   5.0 450.0                            LAT/LON1/LON2/DLON/H
  106  109  110  109  104   98   92   85   79   75   72   72   73   75   77   79
   80   81   81   81   80   79   77   76   75   75   76   77   77   76   75   73
   73   74   76   78   81   82   84   86   89   92   95   99  102  105  106  106
  106  104  102  101  100  100  101  101  102  103  103  103  103  103  103  103
  103  102  101   99   99   99  100  103  106
    57.5-180.0 180.0   5.0 450.0                            LAT/LON1/LON2/DLON/H
  107  110  112  111  109  104   97   90   83   78   73   71   70   70   72   74
   76   77   79   79   79   78   76   75   74   73   73   73   72   71   70   69
   70   72   75   79   81   84   86   88   91   95   99  103  106  108  110  110
  109  108  107  106  105  105  106  106  106  107  106  106  105  105  105  106
  106  105  105  104  103  102  103  104  107
    55.0-180.0 180.0   5.0 450.0                            LAT/LON1/LON2/DLON/H
  107  110  112  114  113  109  104   97   89   82   75   70   67   65   65   66
   68   71   73   74   74   72   71   70   69   68   67   66   64   63   63   63
   66   70   74   79   82   85   88   91   95   99  103  107  110  112  113  114
  113  112  112  112  112  112  112  111  110  110  109  109  108  108  108  108
  109  109  108  108  107  106  105  106  107
    52.5-180.0 180.0   5.0 450.0                            LAT/LON1/LON2/DLON/H
  108  110  113  116  117  115  111  105   96   87   78   70   64   61   59   59
   60   62   64   66   65   63   61   61   61   61   60   57   55   54   54   57
   61   67   73   79   84   87   91   95   99  104  108  112  115  117  117  117
  117  118  118  119  120  120  118  116  114  113  112  112  111  111  111  111
  111  111  112  112  111  110  108  108  108
    50.0-180.0 180.0   5.0 450.0                            LAT/LON1/LON2/DLON/H
  110  112  114  118  120  121  119  113  104   93   82   73   64   58   54   52
   52   54   56   56   55   52   51   51   53   53   52   49   46   45   47   51
   57   64   72   79   85   89   94   99  104  109  114  117  119  121  121  122
  122  123  125  127  128  128  126  122  118  116  115  115  114  114  114  113
  113  114  114  115  115  114  113  111  110
    47.5-180.0 180.0   5.0 450.0                            LAT/LON1/LON2/DLON/H
  115  114  116  119  124  127  126  120  111  100   89   77   67   59   53   49
   48   48   49   49   46   43   42   43   45   47   46   43   40   40   42   47
   54   62   71   79   85   91   97  103  109  115  119  122  124  125  125  126
  128  130  132  135  137  136  133  127  122  119  118  118  118  118  117  116
  115  115  116  118  119  119  118  117  115
    45.0-180.0 180.0   5.0 450.0                            LAT/LON1/LON2/DLON/H
  121  118  117  121  126  131  131  127  118  107   95   84   73   63   55   50
   47   47   46   45   42   39   37   39   41   43   43   41   39   38   41   46
   53   62   71   79   86   93  100  107  114  120  124  127  128  129  130  131
  133  136  139  142  144  144  139  132  126  122  121  122  122  122  121  119
  118  117  118  120  123  125  125  123  121
    42.5-180.0 180.0   5.0 450.0                            LAT/LON1/LON2/DLON/H
  127  122  119  121  127  133  134  131  123  113  102   90   79   69   60   54
   51   50   49   47   44   41   39   40   42   44   44   43   41   41   43   47
   54   62   71   79   87   95  103  111  118  124  128  131  133  134  135  137
  140  143  146  148  150  149  144  137  130  126  125  126  126  126  125  123
  121  119  120  122  126  130  131  130  127
    40.0-180.0 180.0   5.0 450.0                            LAT/LON1/LON2/DLON/H
  133  126  121  122  127  133  135  132  126  117  107   96   86   76   67   61
   57   56   54   53   50   48   46   46   47   47   47   47   46   46   46   50
   56   63   71   79   88   97  106  114  122  128  132  135  137  138  141  144
  147  150  152  153  155  154  150  142  135  131  130  131  132  132  131  128
  125  122  121  124  129  134  137  137  133
    37.5-180.0 180.0   5.0 450.0                            LAT/LON1/LON2/DLON/H
  138  130  123  122  126  131  134  132  126  119  110  100   90   81   73   68
   64   62   61   60   58   56   55   55   54   52   52   52   52   51   51   53
   58   64   71   80   89   99  108  117  125  131  135  138  141  143  147  151
  155  157  157  158  159  160  156  149  142  138  137  138  138  139  137  134
  129  125  124  125  131  137  142  143  138
    35.0-180.0 180.0   5.0 450.0                            LAT/LON1/LON2/DLON/H
  143  134  126  123  125  129  131  129  125  118  110  101   92   84   78   73
   70   68   67   65   64   64   64   62   60   57   56   56   57   55   55   56
   59   64   71   80   89  100  110  119  127  133  138  141  144  148  153  158
  162  163  163  163  166  168  166  159  152  148  146  146  146  146  144  140
  135  130  127  128  133  140  146  147  143
    32.5-180.0 180.0   5.0 450.0                            LAT/LON1/LON2/DLON/H
  148  139  130  125  124  126  127  125  121  116  109  101   93   86   80   76
   73   71   69   67   67   68   68   67   64   61   59   58   58   58   57   57
   60   64   70   79   89  100  110  120  128  134  139  142  146  151  157  163
  167  168  168  169  175  179  179  174  167  162  159  157  156  155  152  148
  142  136  132  132  137  143  149  152  148
    30.0-180.0 180.0   5.0 450.0                            LAT/LON1/LON2/DLON/H
  153  145  135  128  123  122  122  121  117  112  106   99   92   86   81   77
   74   72   69   66   65   67   69   68   65   62   59   58   58   58   57   58
   59   63   68   77   88   99  110  119  128  134  139  142  146  152  158  165
  169  171  172  177  187  195  197  192  184  178  173  170  167  164  161  157
  151  144  139  138  142  148  153  156  153
    27.5-180.0 180.0   5.0 450.0                            LAT/LON1/LON2/DLON/H
  158  151  141  131  124  120  118  117  113  108  103   97   91   86   81   78
   74   71   66   62   61   63   66   66   65   61   57   56   56   57   57   57
   58   60   65   74   86   97  108  118  127  133  137  140  144  149  155  161
  166  170  176  186  199  211  215  210  201  194  188  183  178  174  170  166
  160  154  149  147  149  153  158  160  158
    25.0-180.0 180.0   5.0 450.0                            LAT/LON1/LON2/DLON/H
  163  157  148  136  125  119  115  113  108  103   99   95   91   86   81   77
   74   70   64   59   57   59   62   63   63   59   55   53   54   55   56   56
   57   57   61   70   82   94  106  116  125  131  134  136  139  143  149  155
  160  167  178  193  211  225  230  225  215  207  201  195  189  184  180  176
  171  165  160  157  157  160  164  165  163
    22.5-180.0 180.0   5.0 450.0                            LAT/LON1/LON2/DLON/H
  169  164  155  143  130  120  115  110  104   99   96   94   91   86   82   78
   73   69   63   57   54   55   58   60   60   58   54   51   51   52   54   55
   54   54   57   66   78   91  102  113  121  127  129  130  132  136  141  147
  154  164  179  198  217  232  237  232  223  216  210  204  198  193  189  186
  182  177  172  168  167  168  169  170  169
    20.0-180.0 180.0   5.0 450.0                            LAT/LON1/LON2/DLON/H
  174  170  163  151  137  125  116  109  102   96   94   93   91   87   83   78
   74   70   64   58   55   55   56   58   59   56   52   49   48   50   51   53
   52   50   52   61   74   87   99  109  117  122  124  124  126  129  134  140
  149  161  179  199  218  231  235  230  223  218  214  210  205  201  198  195
  193  189  183  179  176  175  175  175  174
    17.5-180.0 180.0   5.0 450.0                            LAT/LON1/LON2/DLON/H
  179  176  170  160  145  132  120  110  102   96   94   94   93   89   84   79
   75   71   67   62   58   56   56   57   57   55   51   48   46   47   49   50
   50   47   49   57   70   83   95  105  113  118  119  119  120  123  129  137
  147  162  180  198  213  222  225  221  217  215  215  213  210  207  206  204
  203  200  195  189  184  182  181  180  179
    15.0-180.0 180.0   5.0 450.0                            LAT/LON1/LON2/DLON/H
  184  181  177  167  153  138  125  113  104   98   96   96   95   91   86   80
   76   74   71   67   62   59   57   56   56   54   50   46   45   45   46   48
   47   45   46   54   67   79   91  102  110  114  115  115  117  121  128  137
  150  166  182  196  206  211  212  210  209  211  214  215  214  213  212  212
  211  209  204  197  191  188  187  186  184
    12.5-180.0 180.0   5.0 450.0                            LAT/LON1/LON2/DLON/H
  188  185  180  171  158  143  129  116  107  101   99   99   97   93   88   82
   79   77   75   72   67   62   58   55   54   53   49   45   43   43   44   46
   46   44   46   53   64   76   87   98  107  111  113  114  117  123  130  141
  155  171  185  195  201  202  202  202  203  208  213  216  217  217  217  217
  217  216  210  202  196  193  192  190  188
    10.0-180.0 180.0   5.0 450.0                            LAT/LON1/LON2/DLON/H
  192  187  181  172  159  145  132  119  110  105  102  101   99   95   90   85
   81   80   79   76   71   64   58   54   52   51   48   44   42   41   42   44
   45   44   46   52   62   73   85   96  104  110  113  115  119  125  134  146
  161  177  189  197  200  200  199  200  203  208  214  218  219  219  219  219
  220  218  212  205  199  196  195  194  192
     7.5-180.0 180.0   5.0 450.0                            LAT/LON1/LON2/DLON/H
  194  188  179  169  156  144  132  121  113  107  104  102  100   96   92   87
   84   83   81   78   73   66   58   52   50   48   46   43   41   40   41   43
   44   44   46   52   60   71   83   94  103  109  113  117  122  128  137  150
  165  181  194  202  206  206  206  206  208  213  218  220  220  218  218  218
  217  215  210  203  198  197  197  197  194
     5.0-180.0 180.0   5.0 450.0                            LAT/LON1/LON2/DLON/H
  195  187  176  164  152  141  131  121  114  108  105  102  100   97   94   90
   87   85   83   80   75   66   57   50   47   45   43   42   40   40   41   42
   44   45   47   52   59   70   82   93  102  108  114  118  123  130  138  150
  166  183  198  208  214  217  218  218  218  220  222  222  219  216  214  213
  211  208  202  196  194  195  197  198  195
     2.5-180.0 180.0   5.0 450.0                            LAT/LON1/LON2/DLON/H
  194  185  172  160  149  138  130  121  114  108  103  100   98   97   95   92
   89   86   83   80   75   66   56   48   44   42   41   40   40   40   41   43
   44   46   48   52   59   70   82   92  101  107  113  118  123  129  137  148
  164  182  198  212  223  229  232  231  229  228  226  222  215  210  207  205
  202  197  192  187  187  190  194  197  194
